=== NB Model Evaluation ===

Accuracy: 0.8572

Classification Report:
              precision    recall  f1-score   support

         ace       0.09      0.98      0.17       500
         afr       0.96      0.99      0.98       500
         als       0.93      0.91      0.92       500
         amh       1.00      0.93      0.96       500
         ang       0.92      0.90      0.91       500
         ara       0.89      0.98      0.93       500
         arg       0.92      0.93      0.93       500
         arz       0.96      0.88      0.92       500
         asm       1.00      0.97      0.98       500
         ast       0.94      0.91      0.92       500
         ava       0.89      0.48      0.62       500
         aym       0.98      0.86      0.92       500
         azb       0.99      0.97      0.98       500
         aze       0.97      0.87      0.92       500
         bak       0.92      0.85      0.88       500
         bar       0.95      0.84      0.89       500
         bcl       0.95      0.97      0.96       500
   be-tarask       0.63      0.52      0.57       500
         bel       0.69      0.42      0.52       500
         ben       0.97      0.88      0.92       500
         bho       0.97      0.84      0.90       500
         bjn       0.98      0.89      0.93       500
         bod       1.00      1.00      1.00       500
         bos       0.39      0.59      0.47       500
         bpy       0.99      0.98      0.98       500
         bre       0.94      0.98      0.96       500
         bul       0.66      0.94      0.78       500
         bxr       0.94      0.83      0.88       500
         cat       0.95      0.94      0.94       500
         cbk       0.69      0.24      0.36       500
         cdo       1.00      0.93      0.96       500
         ceb       0.98      1.00      0.99       500
         ces       0.92      0.80      0.86       500
         che       0.99      0.95      0.97       500
         chr       1.00      0.98      0.99       500
         chv       0.84      0.68      0.75       500
         ckb       1.00      0.98      0.99       500
         cor       1.00      0.99      0.99       500
         cos       0.94      0.93      0.93       500
         crh       0.96      0.73      0.83       500
         csb       0.92      0.84      0.88       500
         cym       0.96      0.98      0.97       500
         dan       0.92      0.92      0.92       500
         deu       0.55      0.96      0.70       500
         diq       0.94      0.94      0.94       500
         div       1.00      0.47      0.64       500
         dsb       0.96      0.91      0.93       500
         dty       0.80      0.61      0.69       500
         egl       0.92      0.94      0.93       500
         ell       1.00      0.99      0.99       500
         eng       0.20      0.98      0.33       500
         epo       0.92      0.97      0.94       500
         est       0.92      0.79      0.85       500
         eus       1.00      0.96      0.98       500
         ext       0.96      0.87      0.91       500
         fao       0.97      0.97      0.97       500
         fas       0.79      0.99      0.88       500
         fin       0.81      0.87      0.84       500
         fra       0.52      0.97      0.68       500
         frp       0.95      0.86      0.90       500
         fry       0.98      0.98      0.98       500
         fur       0.94      0.94      0.94       500
         gag       0.90      0.82      0.86       500
         gla       0.97      0.97      0.97       500
         gle       0.96      0.97      0.97       500
         glg       0.93      0.94      0.94       500
         glk       0.97      0.73      0.83       500
         glv       0.98      0.99      0.99       500
         grn       0.98      0.94      0.96       500
         guj       1.00      0.96      0.98       500
         hak       0.98      0.94      0.96       500
         hat       0.99      0.99      0.99       500
         hau       0.89      0.99      0.94       500
         hbs       0.44      0.38      0.41       500
         heb       1.00      0.94      0.96       500
         hif       0.91      0.92      0.91       500
         hin       0.83      0.92      0.87       500
         hrv       0.45      0.28      0.35       500
         hsb       0.89      0.82      0.86       500
         hun       0.98      0.95      0.96       500
         hye       1.00      0.64      0.78       500
         ibo       0.98      0.86      0.92       500
         ido       0.98      0.98      0.98       500
         ile       0.96      0.87      0.91       500
         ilo       0.98      0.96      0.97       500
         ina       0.94      0.97      0.96       500
         ind       0.66      0.84      0.74       500
         isl       0.97      0.99      0.98       500
         ita       0.82      0.97      0.89       500
         jam       0.98      0.99      0.98       500
         jav       0.94      0.95      0.94       500
         jbo       0.97      1.00      0.98       500
         jpn       1.00      0.00      0.00       500
         kaa       0.95      0.91      0.93       500
         kab       0.99      0.81      0.89       500
         kan       0.92      0.96      0.94       500
         kat       1.00      0.80      0.89       500
         kaz       0.89      0.75      0.81       500
         kbd       0.94      0.41      0.57       500
         khm       1.00      0.88      0.94       500
         kin       0.98      0.88      0.92       500
         kir       0.89      0.85      0.87       500
         koi       0.47      0.41      0.44       500
         kok       0.98      0.62      0.76       500
         kom       0.68      0.54      0.60       500
         kor       1.00      0.42      0.59       500
         krc       0.86      0.87      0.86       500
         ksh       0.98      0.91      0.94       500
         kur       0.96      0.95      0.95       500
         lad       0.90      0.93      0.91       500
         lao       1.00      0.83      0.91       500
         lat       0.92      0.88      0.90       500
         lav       0.93      0.97      0.95       500
         lez       0.82      0.83      0.83       500
         lij       0.93      0.93      0.93       500
         lim       0.96      0.88      0.92       500
         lin       0.93      0.91      0.92       500
         lit       0.93      0.87      0.90       500
         lmo       0.90      0.89      0.90       500
         lrc       0.97      0.90      0.93       500
         ltg       0.97      0.76      0.85       500
         ltz       0.95      0.92      0.94       500
         lug       0.97      0.93      0.95       500
         lzh       0.00      0.00      0.00       500
         mai       0.90      0.90      0.90       500
         mal       1.00      0.98      0.99       500
     map-bms       0.96      0.76      0.85       500
         mar       0.91      0.85      0.88       500
         mdf       0.87      0.82      0.84       500
         mhr       0.93      0.82      0.87       500
         min       0.96      0.99      0.98       500
         mkd       0.84      0.97      0.90       500
         mlg       0.99      0.99      0.99       500
         mlt       0.97      0.97      0.97       500
         mon       0.94      0.93      0.93       500
         mri       0.99      1.00      1.00       500
         mrj       0.92      0.91      0.92       500
         msa       0.82      0.80      0.81       500
         mwl       0.92      0.98      0.95       500
         mya       1.00      1.00      1.00       500
         myv       0.90      0.41      0.57       500
         mzn       0.96      0.95      0.96       500
         nan       0.98      0.97      0.98       500
         nap       0.96      0.82      0.89       500
         nav       1.00      1.00      1.00       500
         nci       0.84      0.65      0.73       500
         nds       0.96      0.96      0.96       500
      nds-nl       0.75      0.92      0.83       500
         nep       0.70      0.86      0.77       500
         new       0.98      0.94      0.96       500
         nld       0.84      0.97      0.90       500
         nno       0.95      0.93      0.94       500
         nob       0.88      0.93      0.90       500
         nrm       0.92      0.95      0.94       500
         nso       0.96      0.88      0.92       500
         oci       0.94      0.75      0.83       500
         olo       0.89      0.89      0.89       500
         ori       1.00      0.96      0.98       500
         orm       0.99      0.96      0.97       500
         oss       0.95      0.90      0.93       500
         pag       0.98      0.89      0.93       500
         pam       0.94      0.80      0.87       500
         pan       1.00      0.98      0.99       500
         pap       0.96      0.97      0.96       500
         pcd       0.90      0.59      0.71       500
         pdc       0.94      0.78      0.85       500
         pfl       0.84      0.90      0.87       500
         pnb       1.00      0.98      0.99       500
         pol       0.88      0.87      0.88       500
         por       0.88      0.92      0.90       500
         pus       0.98      0.96      0.97       500
         que       0.99      0.87      0.92       500
    roa-tara       0.89      0.96      0.92       500
         roh       0.95      0.97      0.96       500
         ron       0.95      0.99      0.97       500
         rue       0.85      0.65      0.74       500
         rup       0.98      0.86      0.91       500
         rus       0.52      0.74      0.61       500
         sah       0.97      0.74      0.84       500
         san       0.85      0.98      0.91       500
         scn       0.92      0.97      0.95       500
         sco       0.90      0.96      0.93       500
         sgs       0.97      0.66      0.78       500
         sin       1.00      0.94      0.97       500
         slk       0.91      0.85      0.88       500
         slv       0.85      0.92      0.88       500
         sme       0.97      0.86      0.91       500
         sna       0.95      0.75      0.84       500
         snd       0.97      0.98      0.98       500
         som       0.97      0.94      0.96       500
         spa       0.45      0.92      0.61       500
         sqi       0.99      0.97      0.98       500
         srd       0.94      0.96      0.95       500
         srn       0.98      0.97      0.97       500
         srp       0.96      0.81      0.88       500
         stq       0.99      0.96      0.97       500
         sun       0.99      0.94      0.96       500
         swa       0.96      0.95      0.95       500
         swe       0.97      0.99      0.98       500
         szl       0.88      0.89      0.89       500
         tam       1.00      0.99      0.99       500
         tat       0.92      0.79      0.85       500
         tcy       0.97      0.92      0.94       500
         tel       1.00      0.92      0.96       500
         tet       0.98      0.89      0.93       500
         tgk       0.92      0.82      0.87       500
         tgl       0.95      0.99      0.97       500
         tha       0.93      0.86      0.90       500
         ton       1.00      0.99      1.00       500
         tsn       0.87      0.98      0.92       500
         tuk       0.94      0.87      0.90       500
         tur       0.74      0.92      0.82       500
         tyv       0.91      0.84      0.87       500
         udm       0.95      0.86      0.90       500
         uig       1.00      0.93      0.96       500
         ukr       0.82      0.77      0.79       500
         urd       0.98      0.96      0.97       500
         uzb       0.94      0.91      0.92       500
         vec       0.96      0.94      0.95       500
         vep       0.94      0.88      0.91       500
         vie       0.99      0.99      0.99       500
         vls       0.89      0.92      0.90       500
         vol       0.98      0.84      0.90       500
         vro       0.94      0.84      0.89       500
         war       0.99      1.00      1.00       500
         wln       0.96      0.98      0.97       500
         wol       0.95      0.93      0.94       500
         wuu       0.11      0.00      0.00       500
         xho       0.98      0.74      0.84       500
         xmf       1.00      0.88      0.94       500
         yid       1.00      0.98      0.99       500
         yor       0.96      0.85      0.91       500
         zea       0.92      0.67      0.77       500
      zh-yue       0.11      0.00      0.00       500
         zho       0.63      0.13      0.22       500

    accuracy                           0.86    117500
   macro avg       0.90      0.86      0.87    117500
weighted avg       0.90      0.86      0.87    117500

